LIN: 222600000000.0, 34.32, 5.85
BHP: 136550000000.00002, 11.86, 2.96
RIO: 102710000000.0, 8.92, 1.86
SCCO: 78950000000.0, 21.86, 8.25
SHW: 84800000000.0, 33.74, 19.27
FCX: 62850000000.0, 34.01, 3.45
ECL: 77040000000.0, 36.97, 8.68
CRH: 67310000000.0, 21.24, 3.19
APD: 66590000000.0, 43.12, 4.53
VALE: 43050000000.0, 7.25, 1.21
NEM: 72220000000.0, 11.91, 2.25
NUE: 33650000000.0, 25.72, 1.68
DOW: 18080000000.0, 32.65, 1.05
CTVA: 50090000000.0, 44.23, 2.06
MLM: 35310000000.0, 33.59, 3.89
VMC: 36310000000.0, 38.65, 4.46
AEM: 64190000000.0, 26.99, 2.95
LYB: 20570000000.0, 22.15, 1.69
DD: 31710000000.0, --, 1.39
PPG: 26320000000.0, 20.52, 3.8
NTR: 29430000000.0, 56.69, 1.22
WPM: 42860000000.0, 69.0, 5.71
IFF: 19600000000.0, --, 1.49
FNV: 31530000000.0, 50.73, 4.99
PKX: 18300000000.0, 30.27, 0.45
STLD: 19420000000.0, 18.99, 2.19
MT: 25630000000.0, 21.43, 0.5
CE: 6420000000.0, 7.36, 1.24
RS: 16100000000.000002, 22.17, 2.23
JHX: 15600000000.0, 27.49, 7.22
ALB: 9850000000.0, 35.46, 1.26
GFI: 22000000000.0, 17.88, 4.25
RPM: 15760000000.0, 22.95, 5.46
CF: 15120000000.0, 12.34, 3.16
SQM: 11900000000.0, 19.74, 2.26
SUZ: 11760000000.0, 248.34, 1.68
EMN: 9040000000.0, 9.98, 1.54
CX: 12200000000.0, 13.88, 0.91
AU: 25290000000.0, 16.34, 3.73
MOS: 11710000000.0, 31.81, 0.99
KGC: 19860000000.0, 16.42, 2.74
EXP: 7380000000.0, 16.43, 5.07
FMC: 5400000000.0, 14.07, 1.23
RGLD: 10200000000.0, 25.66, 3.19
TX: 6240000000.0, 11.33, 0.52
AXTA: 6450000000.0, 14.4, 3.11
GGB: 5950000000.0, 10.65, 0.6
SSD: 6950000000.0, 21.57, 3.72
PAAS: 10600000000.0, 33.88, 2.19
UFPI: 6330000000.0, 17.16, 1.96
AA: 7980000000.0, 18.58, 1.3
CMC: 5970000000.0, 177.73, 1.46
OLN: 2450000000.0, 40.88, 1.22
WFG: 5710000000.0, 56.47, 0.83
AGI: 10940000000.0, 41.73, 3.02
ICL: 8880000000.0, 21.94, 1.5
ESI: 5780000000.0, 20.36, 2.29
HMY: 8740000000.0, 14.75, 3.34
CBT: 4090000000.0, 9.87, 2.87
NEU: 6660000000.0, 14.05, 4.38
BCC: 3320000000.0, 10.99, 1.56
ASH: 2340000000.0, 25.73, 0.92
BCPC: 4850000000.0, 35.69, 4.02
SSL: 3230000000.0, 10.62, 0.39
KNF: 4660000000.0, 25.84, 3.31
SMG: 4000000000.0, 119.64, --
CLF: 5660000000.0, 133.67, 0.97
OR: 5260000000.0, 164.24, 4.31
SBSW: 6690000000.0, 4.67, 2.61
TFPM: 4910000000.0, 788.33, 2.77
MP: 10990000000.0, 20.97, 10.61
AMZN: 2460000000000.0, 37.69, 8.03
TSLA: 1020000000000.0, 188.13, 13.19
HD: 373440000000.0, 25.48, 46.94
TM: 247080000000.0, 7.67, 1.0
BABA: 286800000000.0, 16.03, 2.03
PDD: 168160000000.0, 12.66, 3.65
NKE: 112640000000.0, 35.31, 8.53
LOW: 127110000000.0, 18.76, --
BKNG: 183280000000.0, 35.12, 34.95
TJX: 141060000000.0, 29.75, 16.59
ABNB: 87220000000.0, 35.87, 10.99
CMG: 62700000000.0, 41.38, 17.77
SBUX: 107300000000.0, 34.33, --
MELI: 119780000000.0, 58.12, 23.94
RACE: 92360000000.0, 49.91, 21.95
MAR: 76450000000.0, 31.75, --
STLA: 28880000000.0, 3.19, 0.3
ORLY: 83070000000.0, 34.95, --
HMC: 45110000000.0, 9.03, 0.54
HLT: 64360000000.0, 42.1, --
GM: 50840000000.0, 8.15, 0.77
AZO: 63920000000.0, 25.89, --
DHI: 43320000000.0, 11.68, 1.8
JD: 48210000000.0, 8.05, 1.46
F: 45610000000.0, 9.18, 1.02
LEN: 29730000000.0, 9.56, 1.32
ROST: 45240000000.0, 21.85, 8.11
LULU: 26300000000.0, 14.93, 6.13
CPNG: 54920000000.0, 216.07, 12.56
YUM: 40780000000.0, 29.22, --
SE: 93370000000.0, 110.29, 10.42
LVS: 35980000000.0, 26.47, 18.07
TCOM: 41920000000.0, 18.84, 2.07
QSR: 22900000000.0, 23.58, 7.31
TSCO: 31460000000.0, 29.23, 12.63
LI: 30180000000.0, 27.72, 2.99
EBAY: 37530000000.0, 19.57, 7.58
NVR: 21640000000.0, 16.48, 5.63
ROL: 28150000000.0, 57.51, 19.5
APTV: 15440000000.0, 11.59, 1.72
MBLY: 12060000000.0, --, 1.0
GPC: 18600000000.0, 23.01, 3.95
BALL: 16370000000.000002, 33.53, 2.98
CVNA: 44840000000.0, 115.72, 29.82
DKNG: 22260000000.0, --, 25.5
WSM: 22350000000.0, 21.01, 10.34
ULTA: 23140000000.0, 20.14, 9.52
CCL: 40340000000.0, 15.58, 4.03
AVY: 13900000000.0, 19.93, 6.31
DPZ: 16480000000.0, 28.2, --
DRI: 23930000000.0, 23.03, 10.35
IHG: 17960000000.0, 30.7, --
PKG: 18580000000.0, 20.61, 4.13
BBY: 14250000000.0, 16.45, 5.16
DKS: 17400000000.0, 15.52, 5.7
AMCR: 22320000000.0, 17.46, 5.8
EXPE: 23810000000.0, 22.36, 22.22
YUMC: 17680000000.0, 20.02, 3.06
MGA: 12050000000.0, 10.62, 1.02
TOL: 12080000000.0, 9.15, 1.52
FND: 8600000000.0, 42.28, 3.87
MGM: 10460000000.0, 17.16, 3.67
HTHT: 10320000000.0, 23.14, 6.97
CASY: 19610000000.0, 36.03, 5.59
BURL: 17630000000.0, 34.24, 13.04
LKQ: 8279999999.999999, 11.74, 1.27
WING: 8430000000.0, 50.67, --
KMX: 9110000000.0, 16.77, 1.45
TXRH: 12480000000.0, 29.03, 9.04
WYNN: 11440000000.0, 29.26, 13.94
BBWI: 6680000000.0, 8.48, --
RL: 18060000000.0, 25.69, 6.98
NIO: 10920000000.0, --, 4.98
PAG: 11580000000.0, 12.33, 2.15
SKX: 9430000000.0, 15.12, 2.09
CHDN: 7960000000.0, 19.61, 7.64
CCK: 11990000000.0, 21.68, 4.15
ALV: 9010000000.0, 12.87, 3.65
SCI: 10820000000.0, 21.0, 6.55
SN: 16969999999.999998, 38.08, 8.33
RIVN: 16780000000.000002, --, 2.7
ONON: 16550000000.0, 63.83, 9.0
CART: 12620000000.0, 31.85, 3.97
TPR: 22500000000.0, 28.51, 15.06
MUSA: 8350000000.0, 17.89, 11.61
CAVA: 10180000000.0, 73.35, 14.02
LEVI: 8090000000.0, 19.48, 3.87
CROX: 5990000000.0, 6.59, 3.04
VIPS: 8230000000.0, 8.23, 1.47
W: 8390000000.000001, --, --
BIRK: 9690000000.0, 33.16, 2.95
BWA: 7910000000.0, 25.37, 1.38
GPK: 7040000000.0, 11.43, 2.23
HAS: 10510000000.0, 35.61, 38.96
LNW: 8250000000.0, 26.15, 13.31
MMYT: 9780000000.0, 119.48, 173.03
GNTX: 6160000000.0, 15.49, 2.54
MNSO: 5880000000.0, 17.42, 3.95
CZR: 6150000000.0, 11.3, 1.52
FIVE: 7630000000.0, 29.01, 4.11
MHK: 7560000000.0, 16.06, 0.91
MTN: 5970000000.0, 20.45, 6.66
AS: 20890000000.0, 101.78, 4.0
HRB: 7480000000.0, 13.86, 98.12
LEA: 5310000000.0, 14.06, 1.05
XPEV: 18270000000.0, --, 4.21
LAD: 8150000000.0, 9.87, 1.21
ETSY: 6510000000.0, 45.26, --
VFS: 8300000000.000001, --, --
NCLH: 10640000000.0, 13.53, 7.51
DDS: 7810000000.0, 13.82, 4.2
CHWY: 14990000000.0, 39.9, 39.91
ALSN: 7540000000.0, 10.35, 4.53
IBP: 5650000000.0, 23.31, 8.54
ANF: 4400000000.0, 9.11, 3.7
AN: 7660000000.0, 12.76, 3.1
PVH: 3690000000.0, 10.84, 0.8
MTH: 4960000000.0, 7.96, 0.94
BFAM: 6590000000.0, 41.54, 4.98
MAT: 5630000000.0, 11.32, 2.59
BROS: 7550000000.0, 152.56, 12.61
TMHC: 6000000000.0, 7.02, 0.99
REYN: 4660000000.0, 13.94, 2.2
LCID: 8910000000.0, --, 2.8
WH: 7020000000.0, 21.65, 12.32
SON: 4770000000.0, 161.1, 1.47
PLNT: 9450000000.0, 53.44, --
GIL: 7940000000.0, 20.49, 5.62
CHH: 6280000000.0, 20.75, 898.95
BC: 3990000000.0, 69.08, 2.1
THO: 5040000000.0, 22.87, 1.19
SEE: 4560000000.0, 15.07, 5.72
MOD: 5440000000.0, 30.32, 5.98
GME: 10440000000.0, 44.02, 2.09
KBH: 3870000000.0, 7.54, 0.97
M: 3550000000.0, 6.61, 0.8
DOOO: 3660000000.0, 27.53, 10.7
VIK: 25850000000.0, 79.19, --
COLM: 3320000000.0, 15.71, 1.94
RRR: 3260000000.0, 20.85, 13.18
GLBE: 5890000000.0, --, 6.66
VFC: 4940000000.0, 70.39, 3.32
WHR: 5550000000.0, 767.23, 2.16
SLGN: 5960000000.0, 20.71, 2.86
ZK: 7590000000.0, --, --
RH: 4000000000.0, 50.66, 4.81
FUN: 3190000000.0, 17.57, 1.74
VVV: 4560000000.0, 17.42, 18.34
ABG: 4670000000.0, 11.32, 1.29
SW: 25500000000.0, 59.57, 1.43
HOG: 2990000000.0, 8.81, 0.94
SKY: 3730000000.0, 19.02, 2.41
LTH: 6410000000.0, 30.44, 2.34
GPI: 5650000000.0, 12.06, 1.8
GAP: 7710000000.0, 8.98, 2.32
BOOT: 5340000000.0, 29.68, 4.72
CPRI: 2320000000.0, 5.74, 6.3
SHAK: 5530000000.0, 473.76, 11.68
EAT: 6820000000.0, 21.35, 26.34
RUSHB: 4269999999.9999995, 15.44, 1.98
KTB: 3470000000.0, 15.33, 8.13
SG: 1740000000.0, --, 4.02
URBN: 6780000000.0, 15.85, 2.79
ASO: 3690000000.0, 10.27, 1.89
DASH: 105900000000.0, 316.35, 12.62
SGHC: 5560000000.0, 42.19, 8.62
QS: 6690000000.0, --, 6.53
ATAT: 4930000000.0, 28.21, 10.73
GOLF: 4840000000.0, 22.62, 6.2
HGV: 4730000000.0, 161.34, 2.99
AMT: 107610000000.0, 37.2, 30.44
EQIX: 78400000000.0, 83.74, 5.64
WELL: 105650000000.0, 91.8, 3.11
SPG: 54550000000.0, 26.61, 21.27
PSA: 50480000000.0, 28.55, 9.68
O: 52290000000.0, 52.64, 1.34
DLR: 60560000000.0, 46.7, 2.73
CCI: 48540000000.0, 42.19, 8.86
CSGP: 39390000000.0, 357.58, 4.58
EXR: 32009999999.999996, 35.08, 2.31
VICI: 35270000000.0, 13.35, 1.33
AVB: 28720000000.0, 25.09, 2.41
CBRE: 43990000000.0, 45.13, 5.31
EQR: 25600000000.0, 25.71, 2.32
IRM: 29310000000.0, 242.29, --
WY: 19110000000.0, 69.66, 2.01
INVH: 19560000000.0, 40.91, 2.01
ARE: 14030000000.0, 150.89, 0.82
SBAC: 25130000000.0, 30.94, --
BEKE: 23120000000.0, 36.67, 2.41
VTR: 30000000000.0, 201.39, 2.62
ESS: 18480000000.0, 27.47, 3.32
MAA: 17750000000.0, 31.53, 2.97
SUI: 15270000000.0, 144.08, 2.21
AMH: 13330000000.0, 33.34, 1.86
UDR: 13390000000.0, 112.25, 4.07
HST: 11480000000.0, 17.24, 1.73
KIM: 14730000000.0, 28.66, 1.39
ELS: 11400000000.0, 30.74, 6.59
LAMR: 12840000000.0, 30.52, 10.43
GLPI: 13210000000.0, 17.95, 2.9
CPT: 12130000000.0, 104.17, 2.63
REG: 12920000000.0, 33.73, 2.0
REXR: 8900000000.0, 28.07, 1.03
NLY: 13390000000.0, 20.06, 1.13
CUBE: 9440000000.0, 24.5, 3.32
BXP: 11370000000.0, 77.65, 2.14
JLL: 12590000000.0, 23.96, 1.84
FRT: 8130000000.000001, 27.08, 2.68
OHI: 11320000000.0, 24.29, 2.39
NNN: 8029999999.999999, 19.97, 1.84
AGNC: 10110000000.0, 26.97, 1.16
COLD: 4730000000.0, --, 1.48
FSV: 9140000000.0, 64.13, 7.26
BRX: 7840000000.0, 24.41, 2.66
STAG: 6650000000.0, 26.8, 1.92
STWD: 7320000000.0, 21.2, 1.14
FR: 6600000000.0, 24.31, 2.49
RHP: 6280000000.0, 21.15, 11.81
ADC: 8090000000.0, 41.54, 1.48
CIGI: 7240000000.0, 49.43, 5.38
HR: 5660000000.0, 37.92, 1.12
RITM: 6460000000.0, 10.16, 0.98
TRNO: 5860000000.0, 28.66, 1.51
DOC: 12230000000.0, 73.33, 1.54
NSA: 2400000000.0, 51.48, 3.47
EPRT: 6070000000.0, 25.73, 1.58
KRG: 4980000000.0, 323.57, 1.52
LINE: 9970000000.0, --, 1.16
PECO: 4340000000.0, 62.84, 1.9
KRC: 4390000000.0, 22.07, 0.82
SLG: 4310000000.0, --, 1.21
CTRE: 5990000000.0, 33.61, 2.05
IRT: 4059999999.9999995, 133.69, 1.18
CUZ: 4660000000.0, 84.18, 0.97
MAC: 4470000000.0, 16.74, 1.68
COMP: 3760000000.0, --, 5.93
AHR: 5960000000.0, --, 2.63
XOM: 475780000000.0, 14.64, 1.81
CVX: 314820000000.0, 17.7, 2.11
SHEL: 210860000000.0, 16.44, 1.18
TTE: 132539999999.99998, 10.99, 1.14
COP: 119870000000.0, 12.03, 1.84
PBR: 78750000000.0, 9.4, 1.18
BP: 83270000000.0, 12.7, 1.43
EQNR: 64410000000.0, 8.4, 1.53
CNQ: 65989999999.99999, 11.99, 2.21
ENB: 98550000000.0, 22.66, 2.17
EOG: 64620000000.00001, 10.96, 2.19
SLB: 52910000000.0, 12.15, 2.61
MPC: 52710000000.0, 23.63, 3.21
EPD: 68430000000.00001, 11.82, 2.37
PSX: 50920000000.0, 28.15, 1.87
OXY: 44000000000.0, 18.1, 1.67
ET: 60810000000.0, 13.42, 1.72
E: 52100000000.0, 19.13, 0.83
SU: 48460000000.0, 11.06, 1.46
VLO: 44100000000.0, 57.25, 1.83
HES: 46070000000.0, 20.66, 4.0
WMB: 70600000000.0, 31.09, 5.67
OKE: 50930000000.0, 15.93, 2.38
KMI: 60860000000.0, 22.45, 1.98
MPLX: 52010000000.0, 11.77, 3.76
TRP: 49330000000.0, 15.91, 2.65
CVE: 26390000000.0, 12.94, 1.2
FANG: 42250000000.0, 8.99, 1.1
LNG: 49980000000.0, 16.52, 8.96
WDS: 32810000000.000004, 9.17, 0.92
HAL: 19140000000.0, 10.54, 1.82
BKR: 45400000000.0, 15.05, 2.57
DVN: 21150000000.0, 7.5, 1.45
TRGP: 35920000000.0, 30.5, 14.66
EC: 17660000000.0, 5.58, 0.91
CQP: 26640000000.0, 13.26, --
CCJ: 34810000000.0, 189.97, 7.26
PBA: 21460000000.0, 16.35, 1.89
CTRA: 18040000000.0, 13.82, 1.27
TS: 20030000000.0, 11.61, 1.17
EQT: 32570000000.0, 27.47, 1.52
WES: 15540000000.0, 12.2, 4.87
OVV: 10650000000.0, 18.25, 1.03
PR: 9660000000.0, 8.4, 1.03
PAA: 13140000000.0, 20.09, 1.36
FTI: 14980000000.0, 17.36, 4.61
APA: 6890000000.0, 6.85, 1.27
YPF: 13040000000.0, 7.73, 1.12
DINO: 8140000000.000001, 7.54, 0.89
AR: 10100000000.0, 42.25, 1.4
WFRD: 4080000000.0, 8.76, 2.7
RRC: 8430000000.0, 17.79, 2.04
MTDR: 6310000000.0, 7.46, 1.18
HESM: 5280000000.0, 15.8, 8.78
IEP: 5110000000.0, --, 2.88
CHRD: 6280000000.0, 7.23, 0.73
NOV: 5250000000.0, 9.38, 0.82
SUN: 7300000000.0, 10.81, 1.76
AM: 8180000000.0, 19.85, 3.92
DTM: 10180000000.0, 27.29, 2.19
FRO: 4120000000.0, 11.8, 1.77
NFG: 7820000000.0, 188.09, 2.83
MGY: 4440000000.0, 11.75, 2.3
VIST: 4690000000.0, 8.12, 2.21
CNX: 4400000000.0, 37.01, 1.07
EXE: 23360000000.0, 25.28, 1.36
SOBO: 5430000000.0, 18.5, 2.08
CRC: 4410000000.0, 8.21, 1.25
LB: 1310000000.0, 30.95, 2.98
TGS: 4170000000.0, 13.44, 2.07
NXE: 4179999999.9999995, 47.82, 5.13
CRK: 6080000000.0, 48.73, 2.86
AROC: 4120000000.0, 19.58, 3.05
MSFT: 3820000000000.0, 39.7, 11.86
AAPL: 3190000000000.0, 33.31, 47.82
NVDA: 4230000000000.0005, 55.97, 50.47
TSM: 1010000000000.0, 28.8, 8.07
AVGO: 1360000000000.0, 105.91, 19.61
ASML: 279590000000.0, 25.11, 13.48
ORCL: 688500000000.0, 56.48, 33.67
CRM: 257269999999.99997, 42.11, 4.24
AMD: 269920000000.00003, 121.51, 4.66
SAP: 334160000000.0, 44.0, 6.92
ADBE: 157270000000.0, 23.75, 13.74
QCOM: 173920000000.0, 16.16, 6.27
ACN: 176360000000.0, 22.53, 5.77
INTU: 219240000000.0, 64.16, 10.89
AMAT: 149020000000.0, 22.59, 7.86
TXN: 168160000000.0, 35.04, 10.25
IBM: 241930000000.0, 41.89, 8.79
NOW: 201040000000.0, 121.86, 18.39
UBER: 190900000000.0, 15.99, 8.69
MU: 124510000000.0, 20.05, 2.45
INTC: 90600000000.0, 88.08, 0.93
LRCX: 124020000000.0, 27.01, 13.04
ARM: 172840000000.0, 217.56, 25.27
ADI: 113060000000.0, 61.91, 3.23
ANET: 143530000000.0, 48.22, 14.18
KLAC: 119290000000.0, 32.82, 29.79
PANW: 135539999999.99998, 116.82, 18.75
DELL: 88750000000.0, 20.57, --
SONY: 151360000000.0, 19.38, 2.67
FI: 77210000000.0, 23.75, 3.06
SNPS: 111310000000.0, 69.54, 11.23
CDNS: 90700000000.0, 84.31, 18.99
CRWD: 116630000000.0, 401.83, 33.8
APH: 127030000000.0, 41.84, 11.03
SHOP: 162250000000.0, 101.16, 14.61
INFY: 72690000000.0, 22.56, 6.5
NXPI: 56290000000.0, 26.61, 5.88
WDAY: 64450000000.0, 134.3, 7.23
MSI: 71440000000.0, 35.7, 43.53
MRVL: 63980000000.0, 22.15, 4.81
ROP: 60530000000.0, 39.54, 3.08
SNOW: 73240000000.0, --, 30.42
MCHP: 37350000000.0, 31.39, 5.28
TEAM: 53290000000.0, --, 38.93
SMCI: 32509999999.999996, 29.6, 5.1
ADSK: 64890000000.0, 65.08, 24.79
PLTR: 374750000000.0, 690.43, 69.09
TEL: 61550000000.0, 42.81, 4.97
FTNT: 80230000000.0, 43.14, 40.87
FIS: 43050000000.0, 52.19, 2.86
DDOG: 51750000000.0, 318.81, 17.74
STM: 23380000000.0, 38.14, 1.33
MPWR: 34220000000.0, 19.06, 10.47
CTSH: 37790000000.0, 16.14, 2.54
FICO: 37300000000.0, 66.0, --
GRMN: 45370000000.0, 31.04, 5.55
HUBS: 29520000000.0, --, 14.72
ON: 23790000000.0, 39.53, 2.96
CDW: 23850000000.0, 22.45, 10.27
GLW: 47410000000.0, 106.46, 4.42
HPQ: 24120000000.0, 9.88, --
GFS: 22190000000.0, 28.1, 2.01
WIT: 31420000000.0, 19.75, 3.05
FTV: 17510000000.0, 22.6, 1.71
KEYS: 28650000000.0, 39.07, 5.23
ZS: 44560000000.0, --, 24.69
NET: 68770000000.0, --, 48.23
GIB: 22780000000.0, 18.05, 3.03
KSPI: 16829999999.999998, 8.21, 5.13
WDC: 24010000000.0, 23.57, 4.64
BR: 29800000000.0, 38.15, 12.51
ASX: 22690000000.0, 20.3, 2.14
NTAP: 21000000000.0, 18.51, 20.19
HPE: 27200000000.0, 19.93, 1.14
IOT: 22200000000.0, --, 19.69
PTC: 24530000000.0, 56.18, 7.24
MSTR: 115090000000.0, --, 3.57
NOK: 23400000000.0, 22.99, 1.0
TYL: 24000000000.0, 83.93, 6.83
FSLR: 19870000000.0, 15.75, 2.43
UMC: 18570000000.0, 11.45, 1.37
STX: 32020000000.000004, 21.71, --
TER: 14460000000.0, 25.54, 5.17
CSCO: 272010000000.0, 28.04, 5.92
LDOS: 21010000000.0, 16.46, 4.94
ZM: 22640000000.0, 22.47, 2.54
GDDY: 23650000000.0, 31.92, 118.42
TDY: 26050000000.0, 30.66, 2.51
ERIC: 24950000000.0, 13.72, 2.74
PSTG: 18820000000.0, 151.55, 15.13
CHKP: 23850000000.0, 29.08, 8.68
VRSN: 28560000000.0, 36.49, --
BSY: 17780000000.0, 75.12, 16.19
NTNX: 20020000000.0, --, --
OKTA: 17700000000.0, 155.54, 2.7
ZBRA: 17070000000.0, 31.76, 4.71
SSNC: 21010000000.0, 26.87, 3.03
GEN: 18990000000.0, 29.72, 8.37
TOST: 28170000000.0, 180.37, 16.84
SWKS: 10740000000.0, 27.94, 1.81
NICE: 10160000000.0, 22.65, 2.94
JBL: 23880000000.0, 42.39, 18.59
AKAM: 11490000000.0, 27.1, 2.51
TRMB: 20340000000.0, 13.91, 3.75
GRAB: 22100000000.0, 536.0, 3.41
DT: 16340000000.0, 34.06, 6.23
MANH: 13170000000.0, 60.82, 47.23
LOGI: 14240000000.0, 23.43, 6.71
JKHY: 12840000000.0, 30.04, 6.31
FLEX: 18760000000.0, 22.02, 3.69
DOCU: 16140000000.0, 15.18, 8.01
ONTO: 4870000000.0, 22.5, 2.53
PATH: 6520000000.0, --, 3.84
ESTC: 9480000000.0, 125.08, 10.23
SNX: 12120000000.0, 17.21, 1.45
PAYC: 13380000000.0, 33.97, 7.79
FFIV: 17190000000.0, 28.43, 5.19
PCOR: 11280000000.0, --, 9.54
CYBR: 19050000000.0, --, 7.85
AFRM: 21640000000.0, --, 7.53
GWRE: 18810000000.0, 531.86, 13.8
DOX: 9770000000.0, 18.46, 2.82
DAY: 9590000000.0, 375.0, 3.7
LSCC: 7400000000.0, 145.38, 10.45
CACI: 10550000000.0, 22.66, 2.85
QRVO: 7920000000.0, 147.03, 2.33
CFLT: 9310000000.0, --, 9.08
PCTY: 10380000000.0, 46.85, 8.58
YMM: 11950000000.0, 22.73, 2.24
MNDY: 15030000000.0, 292.24, 13.64
INFA: 7430000000.0, 45.55, 3.26
MKSI: 6670000000.0, 29.61, 2.84
WEX: 6010000000.0, 22.23, 6.14
U: 13620000000.0, --, 4.28
GTLB: 7910000000.0, 532.11, 9.79
PSN: 8130000000.000001, 32.37, 3.31
DSGX: 9270000000.0, 65.25, 6.36
COHR: 15570000000.0, 30.96, 2.91
OTEX: 7990000000.0, 12.58, 1.93
DUOL: 16550000000.0, 179.35, 18.52
FN: 11070000000.0, 34.44, 5.8
AMKR: 5230000000.0, 16.53, 1.26
CGNX: 5720000000.0, 49.39, 3.96
DBX: 7580000000.0, 18.27, --
UI: 27010000000.0, 49.17, 61.93
GLOB: 4090000000.0, 27.48, 2.0
SPSC: 5180000000.0, 63.78, 5.63
CIEN: 12530000000.0, 121.37, 4.51
SAIC: 5380000000.0, 16.15, 3.58
LYFT: 6020000000.0, 95.33, 7.18
WIX: 8490000000.0, 60.51, 39.13
ARW: 6630000000.0, 17.58, 1.12
NSIT: 4660000000.0, 28.99, 2.93
S: 6500000000.0, --, 4.21
CCCS: 6600000000.0, --, 3.03
ST: 4790000000.0, 40.43, 1.68
LFUS: 5690000000.0, 60.3, 2.32
KD: 9050000000.0, 37.26, 7.43
VNT: 5880000000.0, 16.17, 5.37
KVYO: 9830000000.0, --, 9.24
NXT: 9660000000.0, 18.6, 5.93
RMBS: 6750000000.0, 32.91, 5.82
BILL: 4730000000.0, --, 1.22
G: 7960000000.0, 15.48, 3.24
NOVT: 4580000000.0, 65.24, 5.94
BMI: 5690000000.0, 42.05, 8.39
CLS: 19660000000.0, 47.55, 12.57
CRUS: 5190000000.0, 16.86, 2.66
FOUR: 7230000000.0, 36.58, 8.98
NVMI: 7600000000.0, 39.01, 7.74
QLYS: 4970000000.0, 27.98, 9.98
TENB: 4059999999.9999995, --, 10.59
EEFT: 4490000000.0, 15.37, 3.45
PEGA: 10060000000.0, 48.42, 16.12
ALGM: 6230000000.0, 62.61, 6.7
CWAN: 5770000000.0, 12.54, 5.17
CPAY: 23680000000.0, 23.57, 6.86
ALAB: 20160000000.0, 93.31, 19.35
ENTG: 13910000000.0, 45.02, 3.71
EXLS: 6970000000.0, 32.47, 6.89
ITRI: 6200000000.0, 24.81, 4.16
VRNS: 6120000000.0, --, 16.65
CVLT: 7320000000.0, 97.83, 22.51
CRDO: 17370000000.0, 349.03, 25.49
ACLS: 2360000000.0, 13.44, 2.3
AUR: 11360000000.0, --, 6.36
PI: 3600000000.0, 694.52, 22.43
MDB: 19720000000.0, --, 6.5
ENPH: 4630000000.0, 27.45, 5.26
APPF: 9530000000.0, 49.35, 20.62
VERX: 5420000000.0, 285.23, 27.04
ASTS: 13530000000.0, --, 23.79
TWLO: 20010000000.0, --, 2.5
ZETA: 3780000000.0, --, 5.58
ADP: 125280000000.0, 31.56, 21.4
PAYX: 53310000000.0, 32.31, 12.91
ACIW: 4700000000.0, 17.71, 3.17
OS: 4410000000.0, --, 10.68
CLVT: 3090000000.0, --, 0.62
TSEM: 5270000000.0, 26.12, 1.94
YOU: 2760000000.0, 18.35, 23.68
QTWO: 5560000000.0, --, 10.19
AVT: 4490000000.0, 15.03, 0.92
BDC: 5080000000.0, 24.87, 4.15
SITM: 4890000000.0, --, 7.07
FRSH: 4190000000.0000005, --, 3.94
WK: 3790000000.0, --, --
LITE: 7250000000.0, --, 8.25
IONQ: 12570000000.0, --, 16.44
SRAD: 8439999999.999999, 142.45, 7.35
CORZ: 4179999999.9999995, 77.08, --
BOX: 4780000000.0, 25.38, --
IDCC: 5820000000.0, 17.75, 6.21
SMTC: 4600000000.0, 13.13, 8.08
INTA: 3370000000.0, --, 6.85
SOUN: 4700000000.0, --, 11.85
AI: 3500000000.0, --, 4.17
ASAN: 3510000000.0, --, 14.84
GDS: 7020000000.0, 329.2, 2.17
PONY: 5380000000.0, --, 5.97
QXO: 14870000000.0, --, 3.26
CLBT: 3430000000.0, 10.08, 9.43
RELY: 3460000000.0, --, 4.78
KC: 4350000000.0, --, 6.14
WRD: 2940000000.0, --, 3.13
SLAB: 4380000000.0, --, 4.1
SANM: 5270000000.0, 22.82, 2.38
ESE: 4940000000.0, 41.95, 3.87
LIF: 5880000000.0, 590.85, 15.62
NEE: 147960000000.0, 25.03, 2.91
SO: 104900000000.0, 22.87, 3.1
DUK: 93220000000.0, 19.9, 1.88
CEG: 102600000000.0, 34.49, 7.92
NGG: 71170000000.0, 17.77, 1.39
SRE: 52710000000.0, 17.76, 1.71
AEP: 58650000000.0, 21.19, 2.15
PCG: 30940000000.0, 12.92, 1.06
D: 50100000000.0, 22.68, 1.9
EXC: 44410000000.0, 16.35, 1.61
PEG: 43700000000.0, 23.93, 2.67
ED: 36840000000.0, 18.9, 1.55
VST: 65220000000.0, 30.46, 27.76
XEL: 41910000000.0, 21.37, 2.12
EIX: 20370000000.0, 7.49, 1.36
WEC: 34950000000.0, 21.35, 2.69
AWK: 27360000000.0, 25.56, 2.6
DTE: 28930000000.0, 18.84, 2.43
FE: 24210000000.0, 22.31, 1.93
ES: 24480000000.0, 29.22, 1.6
PPL: 27030000000.0, 27.29, 1.89
FTS: 24740000000.0, 20.17, 1.49
CNP: 25040000000.0, 26.83, 2.27
CMS: 21770000000.0, 21.53, 2.68
BEP: 7800000000.0, --, 1.91
ATO: 24910000000.0, 21.91, 1.9
EBR: 15690000000.0, 9.04, 0.7
NRG: 30610000000.0, 24.9, 14.39
BIP: 14940000000.0, 99.9, 2.68
AES: 9820000000.0, 7.5, 2.83
LNT: 16680000000.0, 22.39, 2.35
NI: 19850000000.0, 22.8, 2.23
EVRG: 16059999999.999998, 18.37, 1.62
WTRG: 10400000000.0, 16.64, 1.61
SBS: 13300000000.0, 7.6, 1.97
KEP: 17960000000.0, 4.67, 0.59
PNW: 10850000000.0, 18.0, 1.61
OGE: 9030000000.0, 18.61, 1.96
CIG: 6200000000.0, 4.21, 1.06
SWX: 5640000000.0, 25.13, 1.58
ELP: 6090000000.0, 14.66, 1.31
UGI: 7730000000.0, 14.83, 1.54
AEE: 27140000000.0, 22.2, 2.22
TLN: 15770000000.0, 35.05, 13.37
BIPC: 4990000000.0, 4.25, 37.49
IDA: 6660000000.0, 21.81, 1.99
POR: 4540000000.0, 15.28, 1.18
ORA: 5430000000.0, 43.44, 2.21
NJR: 4610000000.0, 11.16, 1.86
PAM: 4099999999.9999995, 8.72, 1.36
OKLO: 11130000000.0, --, 41.31
ENIC: 4660000000.0, 28.35, 0.87
TXNM: 6020000000.0, 25.38, 2.4
GE: 288000000000.0, 38.74, 15.05
CAT: 204000000000.0, 21.16, 11.29
UNP: 133280000000.0, 19.53, 8.2
RTX: 209990000000.0, 34.48, 3.37
ETN: 153460000000.0, 39.57, 8.29
HON: 142370000000.0, 25.51, 8.85
UPS: 87690000000.0, 15.12, 5.6
DE: 140120000000.0, 24.99, 5.77
LMT: 98330000000.0, 23.63, 18.43
BA: 175730000000.0, --, --
WM: 92420000000.0, 34.59, 10.68
RELX: 97300000000.0, 37.56, 32.59
CNI: 60120000000.0, 17.99, 3.78
CP: 71900000000.0, 25.4, 2.02
TRI: 92080000000.0, 42.74, 7.45
TT: 105280000000.0, 38.89, 14.05
ITW: 76770000000.0, 23.04, 23.69
TDG: 90290000000.0, 54.21, --
PH: 94400000000.0, 28.43, 7.05
CTAS: 90080000000.0, 50.81, 19.23
NOC: 81580000000.0, 21.02, 5.27
CSX: 66670000000.0, 21.94, 5.39
EMR: 84170000000.0, 43.25, 4.37
FDX: 57370000000.0, 14.47, 2.04
RSG: 76610000000.0, 36.98, 6.57
CARR: 68870000000.0, 53.82, 4.97
PCAR: 53320000000.0, 17.42, 2.81
MMM: 80570000000.0, 21.01, 18.78
CPRT: 45150000000.0, 30.92, 5.14
NSC: 63660000000.0, 19.28, 4.39
GWW: 50630000000.0, 27.06, 14.55
URI: 57260000000.0, 23.06, 6.34
FERG: 44970000000.0, 27.97, 8.13
JCI: 73520000000.0, 33.76, 4.65
WCN: 48130000000.0, 75.38, 5.76
LHX: 50380000000.0, 30.09, 2.61
CMI: 50900000000.0, 18.2, 4.66
ODFL: 35310000000.0, 31.35, 8.34
PWR: 62490000000.0, 68.01, 8.38
AME: 41580000000.0, 29.47, 4.17
OTIS: 35240000000.0, 23.75, --
FAST: 54800000000.0, 46.14, 14.39
IR: 35610000000.0, 43.7, 3.4
VRT: 52390000000.0, 79.92, 19.65
VRSK: 41680000000.0, 43.88, 338.86
XYL: 32259999999.999996, 35.73, 2.98
DAL: 35820000000.0, 7.97, 2.05
HWM: 76500000000.0, 61.93, 16.15
ROK: 40410000000.0, 45.15, 11.75
EFX: 30340000000.0, 48.1, 5.94
WAB: 33710000000.0, 29.39, 3.12
RYAAY: 31470000000.0, 14.21, 3.88
GPN: 20920000000.0, 13.88, 0.94
HEI: 39140000000.0, 75.64, 11.35
DOV: 25580000000.0, 24.06, 3.44
VLTO: 25600000000.0, 29.51, 11.12
AXON: 57220000000.0, 177.11, 22.39
HUBB: 23620000000.0, 29.92, 7.24
BLDR: 15080000000.0, 17.49, 3.45
WSO: 19550000000.0, 37.52, 7.45
AER: 20340000000.0, 9.97, 1.18
EME: 28420000000.0, 28.09, 9.64
LII: 23210000000.0, 28.26, 25.78
JBHT: 14450000000.0, 27.15, 3.95
J: 17240000000.0, 47.34, 4.46
UAL: 29500000000.0, 9.14, 2.21
IEX: 14030000000.0, 29.47, 3.59
TXT: 14170000000.0, 17.91, 1.91
ZTO: 16329999999.999998, 12.76, 1.86
EXPD: 15980000000.0, 19.39, 6.99
LUV: 17440000000.0, 51.89, 2.18
NDSN: 12480000000.0, 28.39, 4.22
MAS: 14290000000.0, 18.51, --
OC: 12410000000.0, 20.38, 2.54
SNA: 17230000000.0, 17.6, 3.01
POOL: 12210000000.0, 29.97, 9.4
GGG: 14020000000.0, 30.0, 5.6
RBA: 20300000000.0, 53.74, 3.82
PNR: 16899999999.999998, 28.16, 4.6
SWK: 11430000000.0, 31.31, 1.29
RTO: 12600000000.0, 30.36, 2.19
NVT: 12930000000.0, 54.53, 3.58
LECO: 12710000000.0, 28.08, 9.49
WMS: 9200000000.0, 20.58, 5.69
XPO: 16290000000.0, 42.56, 9.94
BLD: 10980000000.0, 19.46, 5.19
UHAL: 11130000000.0, 37.41, 1.65
AOS: 10100000000.0, 20.07, 5.47
ACM: 15260000000.0, 24.7, 6.68
FIX: 24300000000.0, 35.41, 12.33
GFL: 17680000000.0, 1.91, 2.99
CNM: 12470000000.0, 30.45, 7.15
TFII: 7890000000.0, 20.66, 2.99
TTEK: 10090000000.0, 55.51, 6.41
CLH: 12600000000.0, 32.58, 4.9
ITT: 12710000000.0, 25.72, 4.57
ALLE: 14200000000.0, 22.97, 7.95
WWD: 15310000000.0, 41.56, 6.55
RRX: 10430000000.0, 44.91, 1.62
CW: 18280000000.0, 43.14, 7.14
ASR: 9120000000.0, 12.46, 3.11
APG: 14600000000.0, 86.43, 4.89
HII: 10390000000.0, 19.08, 2.18
CHRW: 12190000000.0, 24.51, 7.03
PAC: 11310000000.0, 22.32, 11.23
AAL: 7590000000.0, 13.69, --
FBIN: 6790000000.0, 16.57, 2.95
STN: 12640000000.0, 44.48, 5.63
TTC: 7440000000.0, 19.37, 5.04
DCI: 8380000000.000001, 24.06, 5.72
WCC: 10460000000.0, 16.24, 2.08
ESLT: 20940000000.0, 57.46, 6.35
KBR: 6120000000.0, 15.82, 4.32
ARMK: 11500000000.0, 33.76, 3.81
AGCO: 8380000000.000001, 17.11, 2.2
MTZ: 14690000000.0, 68.45, 5.09
GNRC: 9270000000.0, 27.39, 3.76
CR: 10970000000.0, 38.77, 6.24
BWXT: 13520000000.0, 47.12, 12.29
AYI: 9250000000.0, 23.79, 3.58
KNX: 7270000000.0, 43.96, 1.02
OSK: 8289999999.999999, 13.75, 1.96
FTAI: 12020000000.0, 488.25, 425.17
DLB: 7340000000.0, 28.92, 2.85
RBC: 12260000000.0, 50.44, 4.04
FCN: 5640000000.0, 24.53, 2.97
AIT: 10360000000.0, 27.27, 5.67
ATI: 13400000000.0, 34.42, 7.16
MSA: 7080000000.0, 24.83, 5.96
RHI: 4070000000.0000005, 22.75, 3.1
MIDD: 8010000000.0, 18.71, 2.15
WTS: 8439999999.999999, 28.96, 4.76
SITE: 5950000000.0, 52.47, 3.84
MLI: 9820000000.0, 14.1, 3.37
KEX: 6650000000.0, 23.46, 2.0
CAE: 9230000000.0, 30.72, 2.56
ESAB: 8080000000.0, 27.65, 4.23
FLR: 9320000000.0, 5.37, 2.6
LSTR: 4980000000.0, 28.3, 5.36
FLS: 7170000000.0, 25.63, 3.45
SPXC: 8449999999.999999, 41.66, 5.85
GTLS: 7720000000.0, 34.22, 2.58
TKR: 5710000000.0, 17.6, 1.96
GXO: 6020000000.0, 84.89, 2.1
ADT: 7020000000.0, 11.89, 1.92
AAON: 6780000000.0, 43.65, 8.31
LPX: 6250000000.0, 15.73, 3.69
HXL: 4860000000.0, 56.58, 3.13
DRS: 12890000000.0, 55.05, 5.01
ATKR: 2680000000.0, 15.03, 1.9
ZWS: 6470000000.0, 40.07, 4.18
MOG-A: 5820000000.0, 27.79, 2.96
ALK: 6010000000.0, 21.38, 1.53
R: 7450000000.0, 15.53, 2.42
FSS: 6630000000.0, 31.9, 5.52
VMI: 7250000000.0, 33.5, 4.74
AVAV: 13550000000.0, 176.05, 15.28
TNET: 3340000000.0, 23.49, 31.26
MDU: 3480000000.0, 18.7, 1.27
CRS: 13760000000.0, 39.16, 7.72
MMS: 4139999999.9999995, 14.72, 2.48
ERJ: 8790000000.0, 22.12, 2.75
BAH: 14030000000.0, 13.89, 13.17
CSL: 18820000000.0, 24.24, 8.69
AWI: 7320000000.0, 27.01, 9.23
DY: 7660000000.0, 33.55, 6.05
CNH: 16629999999.999998, 16.64, 2.12
ULS: 14100000000.0, 42.11, 14.54
GATX: 5480000000.0, 19.43, 2.15
JOBY: 15230000000.0, --, 17.72
SYM: 5780000000.0, --, 28.14
MSM: 4860000000.0, 24.68, 3.56
SNDR: 4560000000.0, 36.66, 1.53
STRL: 8150000000.0, 31.36, 10.12
AMTM: 6230000000.0, 389.17, 1.41
HRI: 4760000000.0, 33.28, 3.5
GTES: 6520000000.0, 30.49, 2.1
MATX: 3570000000.0, 7.26, 1.36
IESC: 7100000000.0, 29.93, 10.06
RXO: 2860000000.0, 715.33, 1.8
ACA: 4450000000.0, 57.32, 1.81
FELE: 4240000000.0, 24.25, 3.26
ROAD: 5910000000.0, 90.9, 7.31
BE: 7970000000.0, --, 13.79
KTOS: 10060000000.0, 459.77, 7.25
GEV: 175470000000.0, 156.08, 19.77
ACHR: 6150000000.0, 6.95, 6.09
CAR: 7280000000.0, 4.29, 7.14
AEIS: 5290000000.0, 70.98, 4.3
MIR: 5050000000.0, --, 3.36
OMAB: 5190000000.0, 18.73, 8.24
SMR: 6890000000.0, --, 9.79
WMT: 777850000000.0, 41.65, 9.28
PG: 371140000000.0, 25.13, 7.21
COST: 414860000000.0, 53.06, 15.29
KO: 297680000000.0, 24.53, 10.41
PEP: 196390000000.0, 26.13, 10.66
FMX: 34210000000.0, 25.02, 2.06
PM: 250490000000.0, 23.81, --
UL: 147910000000.0, 22.41, 6.3
BUD: 135729999999.99998, 20.65, 1.74
MDLZ: 91390000000.0, 26.24, 3.54
DEO: 59320000000.0, 16.59, 5.78
CL: 71260000000.0, 24.91, 196.31
MO: 100800000000.0, 10.04, --
TGT: 48190000000.0, 11.65, 3.22
BTI: 115180000000.0, 28.29, 1.69
MNST: 59160000000.0, 39.91, 9.07
STZ: 30940000000.0, 18.5, 4.26
EL: 32520000000.000004, 80.96, 7.48
KDP: 45200000000.0, 29.44, 1.81
KMB: 42270000000.0, 17.35, 38.39
HSY: 37910000000.0, 23.02, 8.09
KR: 47250000000.0, 19.47, 5.3
GIS: 27700000000.0, 12.46, 3.01
KVUE: 43850000000.0, 40.79, 4.36
ABEV: 38030000000.0, 14.43, 2.18
SYY: 38930000000.0, 20.75, 20.25
CCEP: 45730000000.0, 27.59, 4.57
ADM: 26590000000.0, 19.49, 1.2
DG: 23670000000.0, 20.53, 3.07
DLTR: 23880000000.0, 22.57, 6.11
CHD: 23950000000.0, 41.73, 5.26
BF-B: 14600000000.0, 16.83, 3.67
TSN: 19220000000.0, 20.99, 1.04
K: 27700000000.0, 20.11, 7.07
KOF: 17960000000.0, 23.08, 2.43
HRL: 16079999999.999998, 21.5, 2.0
CLX: 16120000000.000002, 23.48, 597.14
BG: 15460000000.0, 9.92, 1.46
CAG: 9170000000.0, 8.0, 1.03
EDU: 7480000000.0, 20.3, 2.07
CPB: 9740000000.0, 21.77, 2.52
USFD: 19030000000.0, 37.73, 4.12
TAP: 10360000000.0, 10.3, 0.79
LW: 8480000000.0, 24.34, 4.88
SJM: 11630000000.0, 16.85, 1.91
ACI: 11200000000.0, 12.2, 3.47
PFGC: 15420000000.0, 41.0, 3.56
BJ: 13760000000.0, 24.23, 6.98
COTY: 4470000000.0, 104.33, 1.28
ELF: 6860000000.0, 62.95, 9.01
COKE: 10320000000.0, 17.69, 6.33
PPC: 11350000000.0, 9.42, 3.62
TAL: 6090000000.0, 73.18, 1.62
INGR: 8560000000.000001, 14.04, 2.13
BRBR: 6950000000.0, 25.58, --
SFM: 15760000000.0, 36.28, 12.24
DAR: 5430000000.0, 52.78, 1.27
POST: 6010000000.0, 19.12, 1.57
BRFS: 6060000000.0, 8.89, 2.07
MKC: 19210000000.0, 24.94, 3.43
HIMS: 12900000000.0, 84.78, 23.49
OLLI: 8199999999.999999, 41.15, 4.74
FRPT: 3450000000.0, 235.87, 3.29
FLO: 3430000000.0, 15.06, 2.43
LOPE: 4790000000.0, 21.19, 6.13
PRMB: 10820000000.0, --, 3.25
CALM: 5090000000.0, 4.21, 1.99
LRN: 5660000000.0, 20.37, 3.99
OTLY: 458300000.0, --, 4.8
ATGE: 4139999999.9999995, 19.48, 2.89
META: 1790000000000.0, 27.86, 9.68
NFLX: 501620000000.0, 50.3, 20.1
DIS: 218370000000.0, 24.79, 2.09
TMUS: 274100000000.00003, 23.0, 4.49
VZ: 181640000000.0, 10.02, 1.76
CMCSA: 125750000000.0, 8.3, 1.45
T: 200210000000.0, 16.0, 1.9
NTES: 85910000000.0, 19.31, 4.27
AMX: 55760000000.0, 20.23, 2.33
SPOT: 142120000000.0, 105.13, 19.32
CHTR: 42310000000.0, 8.48, 2.61
BIDU: 31040000000.0, 8.95, 0.83
EA: 38110000000.0, 35.69, 5.97
PINS: 25650000000.0, 13.94, 5.47
SNAP: 16440000000.000002, --, 7.11
TTWO: 41100000000.0, --, 19.23
TEF: 30710000000.0, 12.63, 1.31
TU: 25070000000.0, 28.34, 2.17
VOD: 27880000000.0, 20.37, 0.45
TME: 32900000000.0, 25.0, 3.21
LYV: 35470000000.0, 51.88, 334.69
RCI: 18880000000.0, 16.73, 2.25
WBD: 33380000000.000004, --, 0.99
RBLX: 80590000000.0, --, 259.4
TLK: 17120000000.000002, 11.97, 1.89
OMC: 14820000000.0, 10.94, 3.3
WMG: 16239999999.999998, 36.22, 28.64
FWONA: 25350000000.0, --, 3.12
FOX: 24410000000.0, 12.9, 2.03
NWS: 17470000000.0, 41.09, 2.32
IPG: 9540000000.0, 22.08, 2.57
SIRI: 7970000000.0, 7.28, 0.71
WPP: 6310000000.0, 8.73, 1.34
Z: 19420000000.0, --, 4.12
PARA: 9210000000.0, --, 0.53
PSO: 9280000000.0, 16.6, 1.7
ROKU: 13220000000.0, --, 5.23
SKM: 8600000000.0, 9.48, 0.99
MTCH: 8470000000.000001, 17.11, 10.97
TIMB: 8750000000.0, 13.99, 1.96
TKO: 13900000000.0, 86.32, 3.34
NYT: 8580000000.0, 28.75, 4.55
FYBR: 9180000000.0, 239.2, 1.88
KT: 9900000000.0, 22.38, 0.83
LBTYK: 3510000000.0, 16.73, 0.28
BILI: 9720000000.0, --, 4.8
NXST: 5720000000.0, 9.66, 2.54
TKC: 4970000000.0, 17.78, 0.95
PHI: 4910000000.0, 9.0, 2.46
RDDT: 27620000000.0, 29.99, 12.46
USM: 6290000000.0, 67.94, 1.37
DJT: 5310000000.0, 17.25, 5.95
LUMN: 4440000000.0, 10.49, 15.37
NBIS: 12260000000.0, --, 3.88
GSAT: 3110000000.0, --, 9.03
TIGO: 6740000000.0, 19.3, 1.99
ANGI: 813860000.0, 16.47, 0.78
SNRE: 4030000000.0000005, --, 0.73
TTD: 42120000000.0, 105.05, 15.5
APP: 123220000000.0, 65.85, 214.14
SATS: 8529999999.999999, --, 0.43
BRK-A: 1040000000000.0, 12.9, 1.6
JPM: 821110000000.0, 15.31, 2.44
V: 697480000000.0, 35.88, 18.34
MA: 515990000000.0, 39.85, 77.35
BAC: 360310000000.0, 14.21, 1.3
WFC: 271540000000.00003, 14.49, 1.65
AXP: 216840000000.0, 21.88, 6.71
MS: 228530000000.0, 16.2, 2.35
GS: 223680000000.0, 16.06, 1.8
HSBC: 225420000000.0, 11.91, 1.18
C: 176860000000.0, 14.19, 0.9
BX: 139380000000.0, 48.14, 16.69
RY: 187080000000.0, 14.3, 2.08
HDB: 177960000000.0, 25.63, 3.17
SCHW: 176360000000.0, 26.09, 3.56
SPGI: 164060000000.0, 42.02, 4.92
PGR: 146610000000.0, 14.09, 4.5
MUFG: 167560000000.0, 13.47, 1.2
BLK: 173880000000.0, 27.15, 3.62
CB: 107300000000.0, 11.88, 1.55
MMC: 103440000000.0, 25.26, 6.56
UBS: 121860000000.0, 25.44, 1.4
IBN: 121970000000.0, 20.03, 3.19
KKR: 135520000000.00002, 65.59, 5.44
SAN: 132690000000.0, 9.43, 1.12
ICE: 105800000000.0, 38.19, 3.78
SMFG: 104510000000.0, 13.13, 1.04
CME: 100740000000.0, 27.06, 3.63
MCO: 92000000000.0, 43.62, 23.3
BN: 104170000000.0, 233.1, 2.52
PYPL: 75840000000.0, 17.52, 3.74
USB: 72170000000.0, 11.08, 1.32
APO: 86370000000.0, 26.38, 5.21
AON: 80520000000.0, 31.41, 10.27
BBVA: 88170000000.0, 7.4, 1.37
BMO: 83020000000.0, 14.45, 1.34
BNS: 70880000000.0, 16.15, 1.28
ING: 70420000000.0, 10.3, 1.16
NU: 61410000000.0, 28.94, 7.13
AJG: 80690000000.0, 48.63, 3.62
COF: 136120000000.0, 591.25, 1.23
AIG: 46160000000.0, 19.54, 1.11
TFC: 58860000000.0, 12.37, 1.0
MET: 52740000000.0, 12.84, 1.92
MFG: 77090000000.0, 12.94, 1.08
IBKR: 28550000000.0, 34.38, 5.92
TRV: 58770000000.0, 11.55, 1.99
COIN: 99760000000.0, 73.62, 9.53
AFL: 55890000000.0, 16.08, 2.12
LYG: 63800000000.0, 12.05, 1.02
MFC: 53710000000.0, 16.14, 1.61
ALL: 51820000000.0, 13.37, 2.58
ARES: 40680000000.0, 108.9, 13.59
BK: 71170000000.0, 15.43, 1.84
AMP: 49190000000.0, 17.71, 8.09
PRU: 37250000000.0, 16.59, 1.25
BSBR: 17890000000.0, 15.32, 1.62
BCS: 68720000000.0, 9.63, 0.68
MSCI: 42260000000.0, 36.2, --
ACGL: 33310000000.000004, 9.12, 1.61
DB: 64209999999.99999, 11.62, 0.72
NDAQ: 54420000000.0, 36.48, 4.61
HIG: 35040000000.0, 12.3, 2.12
NWG: 56730000000.0, 8.87, 1.0
SLF: 35330000000.0, 15.51, 2.02
PUK: 32369999999.999996, 15.02, 1.85
RKT: 31560000000.0, 750.0, 54.04
FITB: 28600000000.0, 13.35, 1.5
OWL: 12530000000.0, 125.12, 5.36
WTW: 31040000000.0, 27.82, 3.82
RJF: 33710000000.0, 16.52, 2.78
MTB: 30330000000.0, 12.56, 1.16
FCNCA: 27040000000.0, 12.38, 1.28
IX: 26120000000.0, 11.0, 0.93
TROW: 23560000000.0, 12.14, 2.27
BRO: 34100000000.0, 28.8, 5.0
TW: 29660000000.0, 57.21, 4.99
STT: 32250000000.0, 12.69, 1.36
KB: 31490000000.0, 8.13, 0.74
CM: 69460000000.0, 12.64, 1.69
MKL: 25710000000.0, 14.91, 1.55
ERIE: 18600000000.0, 30.27, 9.0
WRB: 26170000000.0, 15.68, 2.82
HBAN: 24690000000.0, 12.57, 1.3
PFG: 18170000000.0, 17.36, 1.62
CINF: 23350000000.0, 16.27, 1.7
SYF: 27120000000.0, 8.86, 1.72
RF: 23620000000.0, 12.35, 1.37
CRBG: 19590000000.0, 31.81, 1.63
SHG: 25160000000.0, 7.92, 0.6
NTRS: 24870000000.0, 15.26, 2.08
L: 19220000000.0, 15.03, 1.12
FDS: 15860000000.0, 30.27, 7.36
EG: 14330000000.0, 17.0, 1.01
ALLY: 11860000000.0, 64.23, 1.0
CFG: 21420000000.0, 15.09, 0.93
BAM: 102110000000.0, 46.34, 11.97
TPG: 8439999999.999999, 1.13, 10.26
CG: 22910000000.0, 21.58, 4.11
HOOD: 92530000000.0, 59.91, 11.63
KEY: 20660000000.0, 22.82, 1.22
FNF: 15690000000.0, 14.17, 1.99
RYAN: 8390000000.000001, 184.03, 15.47
BAP: 18720000000.0, 11.82, 1.9
RGA: 12990000000.0, 16.6, 1.14
EQH: 15990000000.0, 14.19, 17.89
ARCC: 16040000000.0, 11.33, 1.17
MORN: 11750000000.0, 31.2, 7.3
BEN: 13040000000.0, 35.97, 1.06
CNA: 12020000000.0, 13.55, 1.17
RNR: 11640000000.0, 6.31, 1.16
XP: 8730000000.0, 10.54, 2.29
AEG: 11430000000.0, 16.69, 1.05
BCH: 14160000000.0, 10.39, 2.46
UWMC: 860060000.0, 283.67, 5.22
AFG: 10540000000.0, 13.26, 2.4
EWBC: 14280000000.0, 12.1, 1.74
JEF: 11890000000.0, 22.26, 1.15
HLI: 13670000000.0, 33.66, 6.29
AIZ: 9440000000.0, 14.53, 1.8
SEIC: 11130000000.0, 16.92, 4.76
CIB: 11550000000.0, 6.79, 1.07
KNSL: 11120000000.0, 24.91, 6.46
FHN: 11610000000.0, 15.84, 1.36
BSAC: 11250000000.0, 9.86, 2.33
SF: 11580000000.0, 21.51, 2.39
ORI: 8860000000.0, 10.18, 1.43
GL: 11150000000.0, 10.81, 2.06
WF: 13650000000.0, 6.83, 0.55
WBS: 10020000000.0, 12.19, 1.11
MKTX: 7930000000.0, 36.71, 5.89
PRI: 8730000000.0, 12.18, 3.87
EVR: 11640000000.0, 28.76, 7.73
VOYA: 6920000000.0, 13.43, 1.58
SOFI: 23430000000.0, 49.3, 3.51
CMA: 8820000000.0, 13.05, 1.29
RLI: 6220000000.0, 19.37, 3.59
BPOP: 7840000000.0, 11.2, 1.32
ZION: 8170000000.0, 10.11, 1.25
PNFP: 7100000000.0, 12.18, 1.11
OBDC: 7590000000.0, 9.58, 0.98
HLNE: 6820000000.0, 28.99, 9.51
WTFC: 8840000000.0, 12.5, 1.38
CACC: 6040000000.0, 22.19, 3.53
SSB: 10000000000.0, 14.64, 1.14
BOKF: 6700000000.0, 12.6, 1.14
BXSL: 7450000000.0, 10.3, 1.19
OMF: 7070000000.0, 12.56, 2.12
ESNT: 5750000000.0, 8.29, 1.02
PB: 6450000000.0, 12.31, 0.85
AXS: 7630000000.0, 9.62, 1.43
SIGI: 4720000000.0, 12.71, 1.49
SNV: 6880000000.0, 9.58, 1.36
FAF: 6160000000.0, 33.24, 1.2
JXN: 6300000000.0, 66.8, 0.64
MTG: 6090000000.0, 8.54, 1.18
ONB: 8480000000.0, 12.89, 1.04
FSK: 6230000000.0, 11.7, 0.95
PDI: 7230000000.0, 8.65, 1.2
FCFS: 5430000000.0, 18.84, 2.54
OZK: 5800000000.0, 8.44, 1.06
CADE: 6680000000.0, 13.15, 1.24
JHG: 6800000000.0, 17.12, 1.45
LNC: 5950000000.0, 4.93, 0.83
AMG: 6130000000.0, 16.36, 1.92
LPLA: 30390000000.0, 26.32, 9.73
BMA: 4530000000.0, 3.82, 1.3
FG: 4340000000.0, 8.48, 1.0
STEP: 4800000000.0, 72.81, 26.74
PSLV: 6820000000.0, 4.26, 1.09
FNB: 5620000000.0, 12.12, 0.86
PFSI: 4860000000.0, 14.43, 1.21
HOMB: 5650000000.0, 13.09, 1.38
ACT: 5290000000.0, 7.93, 1.03
RDN: 4540000000.0, 8.62, 0.99
SLM: 6830000000.0, 15.89, 3.21
UBSI: 5140000000.0, 12.75, 0.96
GBCI: 5370000000.0, 23.48, 1.52
FFIN: 5220000000.0, 21.32, 3.0
CRVL: 4560000000.0, 48.49, 14.18
COLB: 5220000000.0, 9.85, 0.98
FUTU: 22780000000.0, 27.49, 5.9
PJT: 4500000000.0, 32.36, 30.22
DNB: 4070000000.0000005, --, 1.24
TRU: 19330000000.0, 49.86, 4.28
UMBF: 8210000000.000001, 13.6, 1.24
THG: 6000000000.0, 13.92, 1.97
BNT: 16489999999.999998, 16.63, 1.34
VIRT: 3800000000.0, 12.77, 2.9
CEF: 6000000000.0, 3.75, 1.04
QFIN: 4970000000.0, 5.4, 1.47
CNS: 3830000000.0, 23.87, 7.55
MC: 5220000000.0, 27.5, 10.12
PIPR: 5170000000.0, 27.43, 4.26
VLY: 5280000000.0, 12.09, 0.73
SFBS: 4440000000.0, 17.78, 2.58
FLG: 4730000000.0, 7.75, 0.62
BBAR: 3300000000.0, 10.62, 1.48
CRCL: 43900000000.0, --, 58.93
NVO: 316330000000.0, 19.36, 14.58
UNH: 254960000000.0, 11.76, 2.68
JNJ: 405320000000.0, 18.02, 5.17
MRK: 212710000000.0, 12.31, 4.4
ABBV: 336110000000.0, 81.32, 236.7
AZN: 226210000000.0, 29.24, 5.49
TMO: 180560000000.0, 27.65, 3.58
NVS: 226110000000.0, 17.16, 5.43
DHR: 147130000000.0, 43.63, 2.81
ABT: 220160000000.0, 15.88, 4.51
AMGN: 164850000000.0, 27.95, 26.56
PFE: 140940000000.0, 17.96, 1.56
ISRG: 177750000000.0, 69.16, 9.96
SYK: 154210000000.0, 54.53, 7.37
ELV: 65099999999.99999, 12.27, 1.49
SNY: 121770000000.0, 17.15, 1.41
MDT: 119080000000.0, 25.75, 2.48
VRTX: 120600000000.0, 31.73, 7.31
BSX: 157030000000.0, 63.18, 7.07
REGN: 60800000000.0, 14.31, 2.07
CI: 79170000000.0, 16.52, 1.97
GSK: 75950000000.0, 18.37, 3.99
BMY: 98560000000.0, 18.07, 5.67
HCA: 80430000000.0, 14.04, --
GILD: 144540000000.0, 24.41, 7.54
ZTS: 67730000000.00001, 27.31, 14.55
MCK: 88910000000.0, 27.68, 5.04
CVS: 76790000000.0, 14.49, 1.0
BDX: 53110000000.0, 35.91, 2.1
EW: 46930000000.0, 33.47, 4.63
DXCM: 34890000000.0, 66.91, 15.39
MRNA: 13210000000.0, 7.06, 1.31
COR: 56280000000.0, 33.61, 55.57
A: 34140000000.0, 29.6, 5.56
IQV: 33860000000.0, 28.87, 5.86
IDXX: 45450000000.0, 52.24, 31.39
TAK: 46480000000.0, 63.06, 0.97
CNC: 13940000000.0, 6.89, 0.51
ALC: 45250000000.0, 40.83, 2.06
HUM: 28720000000.0, 16.79, 1.62
GEHC: 35540000000.0, 16.3, 3.87
HLN: 44360000000.0, 23.17, 2.02
VEEV: 47460000000.0, 61.66, 7.64
MTD: 26270000000.0, 31.56, --
BIIB: 19270000000.0, 13.0, 1.14
RMD: 40350000000.0, 30.88, 7.27
WST: 18950000000.0, 39.45, 6.47
ICLR: 14540000000.0, 19.26, 1.52
ZBH: 19300000000.0, 21.68, 1.56
PHG: 24040000000.0, 85.46, 1.76
CAH: 37510000000.0, 24.59, --
ARGX: 36260000000.0, 36.1, 6.59
STE: 22670000000.0, 37.41, 3.43
BNTX: 27720000000.0, 166.87, 1.24
WAT: 18030000000.0, 27.49, 9.19
ALGN: 14900000000.0, 37.37, 3.93
ALNY: 42870000000.0, --, 371.4
COO: 14880000000.0, 36.03, 1.8
GMAB: 14440000000.0, 13.73, 2.72
TEVA: 18880000000.0, 872.0, 3.03
BAX: 14990000000.0, --, 2.12
ILMN: 17300000000.0, --, 7.31
HOLX: 14820000000.0, 27.94, 3.21
LH: 21970000000.0, 29.21, 2.59
RPRX: 15450000000.0, 14.97, 2.31
BMRN: 11320000000.0, 21.86, 1.95
DGX: 18850000000.0, 20.19, 2.61
WBA: 10050000000.0, 5.98, 1.4
NBIX: 13080000000.0, 44.79, 5.16
VTRS: 11040000000.0, 28.56, 0.71
RVTY: 12220000000.0, 42.84, 1.6
NTRA: 18970000000.0, --, 15.3
TECH: 9210000000.0, 70.82, 4.57
FMS: 15510000000.0, 21.28, 0.92
SRPT: 1170000000.0, 169.47, 1.03
THC: 14210000000.0, 9.62, 3.79
MEDP: 12570000000.0, 33.25, 72.94
DVA: 10970000000.0, 14.4, 21.63
UHS: 10030000000.0, 8.74, 1.48
INCY: 13590000000.0, 351.0, 3.71
CRL: 8690000000.0, 25.07, 2.72
UTHR: 13730000000.0, 12.13, 2.02
RDY: 12300000000.0, 18.61, 3.01
PODD: 20420000000.0, 52.29, 15.35
SNN: 13870000000.0, 33.69, 2.63
BRKR: 6360000000.0, 80.65, 3.5
ATR: 10630000000.0, 29.43, 4.19
QGEN: 11220000000.0, 120.28, 3.29
TFX: 5180000000.0, 36.28, 1.26
HSIC: 8930000000.0, 22.26, 2.7
RGEN: 6840000000.0, 466.37, 3.44
ROIV: 7850000000.0, 2.08, 1.68
GMED: 7380000000.0, 40.66, 1.8
EHC: 10850000000.0, 22.15, 5.03
CHE: 6890000000.0, 22.95, 5.83
ELAN: 7410000000.0, 19.89, 1.17
PEN: 9030000000.0, 215.83, 7.44
BIO: 7160000000.0, --, 1.08
LEGN: 7980000000.0, --, 7.84
ASND: 10130000000.0, --, --
PCVX: 4730000000.0, --, 1.48
JAZZ: 7150000000.0, 16.06, 1.71
ENSG: 8660000000.0, 27.18, 4.29
BPMC: 8359999999.999999, --, 24.44
HQY: 8310000000.000001, 70.1, 3.91
MASI: 8930000000.0, 75.96, 9.43
RVMD: 7060000000.0, --, 3.4
EXEL: 12440000000.0, 20.82, 5.84
GRFS: 8750000000.0, 37.3, 0.99
STVN: 7230000000.0, 48.95, 4.34
XRAY: 3190000000.0, 126.19, 1.59
IONS: 6720000000.0, 122.59, 14.13
GKOS: 5390000000.0, --, 7.05
HALO: 7180000000.0, 15.49, 14.88
BBIO: 8790000000.0, --, --
BLCO: 5080000000.0, --, 0.8
OPCH: 4860000000.0, 23.75, 3.6
DOCS: 11390000000.0, 54.75, 10.52
MDGL: 6630000000.0, --, 9.32
INSM: 19750000000.0, --, 199.13
SOLV: 12930000000.0, 34.45, 3.96
NUVL: 5850000000.0, --, 5.78
KRYS: 4269999999.9999995, 35.4, 4.33
TEM: 11160000000.0, --, 34.23
SEM: 1830000000.0, 23.0, 1.07
SMMT: 21290000000.0, 22.5, 61.84
LNTH: 5050000000.0, 20.78, 4.33
RNA: 4370000000.0, --, 3.29
CRSP: 5590000000.0, 22.55, 3.06
TMDX: 3660000000.0, 76.14, 13.74
INSP: 3800000000.0, 58.84, 5.98
AVTR: 9680000000.0, 13.66, 1.59
OSCR: 3680000000.0, 36.12, 2.76
RDNT: 4410000000.0, 386.89, 4.91
BHVN: 1380000000.0, --, 5.31
CRNX: 2900000000.0, --, 2.32
PRCT: 3080000000.0, --, 7.92
WAY: 6200000000.0, 285.28, 1.98
ADMA: 4300000000.0, 21.44, 11.51
ALKS: 4310000000.0, 12.44, 2.85
GH: 5500000000.0, --, 55.67
AXSM: 4960000000.0, --, 93.31
VRNA: 8960000000.0, --, 39.56
RYTM: 5700000000.0, --, 301.09
TECK: 16270000000.0, 99.76, 0.9
WLK: 11000000000.0, 28.68, 1.06
BYD: 7000000000.0, 13.3, 5.19
DECK: 17460000000.0, 17.96, 7.08
H: 14210000000.0, 18.81, 4.1
IP: 29390000000.0, 47.59, 1.62
MCD: 213420000000.0, 26.34, --
PHM: 22960000000.0, 8.71, 1.83
RCL: 95810000000.0, 28.71, 12.04
EGP: 8770000000.0, 35.46, 2.58
PLD: 102340000000.0, 27.5, 1.92
WPC: 14150000000.0, 33.3, 1.69
TPL: 22510000000.0, 48.99, 18.66
VNOM: 4970000000.0, 9.6, 1.86
CRWV: 55670000000.0, --, 18.14
EPAM: 9670000000.0, 23.88, 2.66
INGM: 5000000000.0, 17.62, 1.29
IT: 27450000000.0, 22.23, 18.33
MTSI: 10240000000.0, 106.64, 8.52
OLED: 7090000000.0, 31.02, 4.27
CWEN: 3640000000.0, 39.33, 1.91
AL: 6490000000.0, 10.15, 0.82
BCO: 3850000000.0, 24.74, 18.73
CWST: 6920000000.0, 495.32, 4.47
EXPO: 3670000000.0, 35.41, 8.3
LTM: 12790000000.0, 11.8, 13.34
SAIA: 8890000000.0, 30.8, 3.65
SARO: 9450000000.0, 133.59, 3.88
TREX: 7340000000.0, 37.43, 8.07
KHC: 33939999999.999996, 13.1, 0.69
GOOGL: 2340000000000.0, 20.59, 6.44
MSGS: 4860000000.0, --, 1.57
VIV: 17930000000.0, 17.48, 1.45
CFR: 8670000000.0, 14.81, 2.19
IVZ: 9730000000.0, 23.45, 0.7
MAIN: 5860000000.0, 11.16, 2.06
NMR: 20000000000.0, 8.95, 0.85
PNC: 77240000000.0, 13.4, 1.34
TD: 129600000000.0, 10.57, 1.53
UNM: 14200000000.0, 9.52, 1.27
WAL: 9070000000.0, 10.8, 1.33
WTM: 4610000000.0, 168.04, 1.02
LLY: 729580000000.0, 66.13, 46.28
MMSI: 5010000000.0, 41.51, 3.5
MOH: 8940000000.0, 8.14, 1.94
GD: 84470000000.0, 21.09, 3.58
